"0","ggarrange(moos.plot1, moosPlot2, ncol = 1, nrow = 2)"
"2","Warning:"
"2"," Removed 5220 row(s) containing missing values (geom_path).
"
"2","Warning:"
"2"," Removed 11131 row(s) containing missing values (geom_path).
"
